,F0semitoneFrom27.5Hz_sma3nz_amean,F0semitoneFrom27.5Hz_sma3nz_stddevNorm,F0semitoneFrom27.5Hz_sma3nz_percentile20.0,F0semitoneFrom27.5Hz_sma3nz_percentile50.0,F0semitoneFrom27.5Hz_sma3nz_percentile80.0,F0semitoneFrom27.5Hz_sma3nz_pctlrange0-2,F0semitoneFrom27.5Hz_sma3nz_meanRisingSlope,F0semitoneFrom27.5Hz_sma3nz_stddevRisingSlope,F0semitoneFrom27.5Hz_sma3nz_meanFallingSlope,F0semitoneFrom27.5Hz_sma3nz_stddevFallingSlope,loudness_sma3_amean,loudness_sma3_stddevNorm,loudness_sma3_percentile20.0,loudness_sma3_percentile50.0,loudness_sma3_percentile80.0,loudness_sma3_pctlrange0-2,loudness_sma3_meanRisingSlope,loudness_sma3_stddevRisingSlope,loudness_sma3_meanFallingSlope,loudness_sma3_stddevFallingSlope,jitterLocal_sma3nz_amean,jitterLocal_sma3nz_stddevNorm,shimmerLocaldB_sma3nz_amean,shimmerLocaldB_sma3nz_stddevNorm,HNRdBACF_sma3nz_amean,HNRdBACF_sma3nz_stddevNorm,logRelF0-H1-H2_sma3nz_amean,logRelF0-H1-H2_sma3nz_stddevNorm,logRelF0-H1-A3_sma3nz_amean,logRelF0-H1-A3_sma3nz_stddevNorm,F1frequency_sma3nz_amean,F1frequency_sma3nz_stddevNorm,F1bandwidth_sma3nz_amean,F1bandwidth_sma3nz_stddevNorm,F1amplitudeLogRelF0_sma3nz_amean,F1amplitudeLogRelF0_sma3nz_stddevNorm,F2frequency_sma3nz_amean,F2frequency_sma3nz_stddevNorm,F2amplitudeLogRelF0_sma3nz_amean,F2amplitudeLogRelF0_sma3nz_stddevNorm,F3frequency_sma3nz_amean,F3frequency_sma3nz_stddevNorm,F3amplitudeLogRelF0_sma3nz_amean,F3amplitudeLogRelF0_sma3nz_stddevNorm,alphaRatioV_sma3nz_amean,alphaRatioV_sma3nz_stddevNorm,hammarbergIndexV_sma3nz_amean,hammarbergIndexV_sma3nz_stddevNorm,slopeV0-500_sma3nz_amean,slopeV0-500_sma3nz_stddevNorm,slopeV500-1500_sma3nz_amean,slopeV500-1500_sma3nz_stddevNorm,alphaRatioUV_sma3nz_amean,hammarbergIndexUV_sma3nz_amean,slopeUV0-500_sma3nz_amean,slopeUV500-1500_sma3nz_amean,loudnessPeaksPerSec,VoicedSegmentsPerSec,MeanVoicedSegmentLengthSec,StddevVoicedSegmentLengthSec,MeanUnvoicedSegmentLength,StddevUnvoicedSegmentLength
0,34.024914,0.14100705,31.611909999999998,32.727965999999995,36.027374,4.4154644,353.4962,676.7950400000001,73.254486,145.3783,0.6035096,0.8155791,0.1490401,0.508397,0.9342326999999999,0.7851925999999999,12.332036,7.227758000000001,11.370824,7.162883,0.024403058,1.7881672,1.3919579,0.7319321,6.488453400000001,0.5620155,4.487686,1.5207051,17.464876,0.5317101,688.37775,0.32724074,1398.4174,0.21119669,-103.85963000000001,-0.89300865,1713.6442,0.13299532,-102.01236999999999,-0.8589011000000001,2706.8367,0.091811165,-103.4673,-0.8315745999999999,-7.411186,-1.037774,16.240454,0.6159266999999999,0.069425255,0.29261205,-0.016935058,-0.9033556,1.2356421999999998,5.8619785,0.044208124,0.010268475,4.1229569999999995,3.6394724999999997,0.13563758,0.096386544,0.12531914,0.19887818
1,33.619034,0.10764964,31.551163,32.85973,35.47808,3.926918,89.8237,135.72906,109.95621000000001,187.86583000000002,0.61948264,0.91638356,0.07741508,0.48987842,1.0781421999999998,1.0007270000000001,12.886063,6.609381699999999,12.104833,7.330019999999999,0.020783355,1.6641455000000003,1.2197129,0.6636696999999999,6.7923765,0.47719383,4.207823,1.4933305000000001,18.94332,0.4474067,671.5607,0.3436533,1405.0372,0.19082826,-112.28598000000001,-0.84447867,1667.945,0.14909318,-109.53817,-0.82994956,2685.0876,0.08660046,-112.371346,-0.78162634,-7.195488,-0.9027263000000001,17.925894,0.48219490000000004,0.07020865400000001,0.3076673,-0.015713176000000002,-1.003112,1.0675215,6.1552653,0.040083405,0.012958125,3.6024017,2.7443106,0.16487804,0.119432025,0.19289474,0.29499248
2,35.20969,0.08403242400000001,33.24199,34.769257,37.069503999999995,3.8275146,113.511055,118.56335,69.75336999999999,85.90764,0.6282989999999999,0.7530349000000001,0.20445618,0.49412575,1.0048295,0.8003733000000001,10.203379,4.998384,7.143123599999999,3.4296173999999997,0.020590082,2.2162907000000005,1.321767,0.5652396,5.314019,0.63924587,-2.9147208,-3.9688256,8.746360000000001,1.1040003999999999,873.5854,0.3293758,1269.344,0.22645304,-73.62550999999999,-1.2859927,1809.1958,0.13155785,-66.088646,-1.37564,2788.13,0.08299224,-69.63351999999999,-1.269841,-2.1179516,-2.257108,11.555332,0.7094295999999999,0.06747085,0.25647435,-0.008144371999999999,-1.7711993000000001,-0.88457656,7.3982773,0.044912547000000004,0.0072447284999999995,3.5019455,2.2853956,0.28317073,0.17408210000000002,0.14025639999999998,0.20255403
3,34.51096,0.10812545,32.160446,33.781659999999995,35.542942,3.3824959000000003,143.03531999999998,254.37936000000002,105.689926,101.46224000000001,0.5597141,0.70374286,0.22505179,0.4426435,0.8794873,0.6544355,9.484283999999999,5.1170344000000005,6.352380999999999,3.0748568,0.025281826,2.0236375,1.4065374,0.548099,4.08627,0.78401357,-4.037765,-2.8126695,7.72784,1.3288829,902.0165400000001,0.3087112,1233.2611,0.24989519,-79.230835,-1.1989454,1834.1793,0.12874097,-73.83726,-1.2547011000000001,2802.12,0.08558287,-77.05382,-1.1704729999999999,-1.7049724999999998,-2.8972453999999996,11.028369,0.73267514,0.06749862400000001,0.26615733,-0.008702042,-1.6075122,0.9075607,6.0432096,0.04927344,0.005528646999999999,3.7599172999999997,2.9716656,0.20151162,0.14422622,0.116000004,0.13895576
4,33.262344,0.11424672,30.793347999999998,32.452984,35.05675,4.263403,149.94556,113.33248999999999,129.77448,104.92166,0.5666498999999999,0.721145,0.21379226,0.44117847,0.91662633,0.70283407,8.949597,3.8372827000000003,7.0483856,3.8379505,0.04267689,1.9609173999999998,1.5070767,0.60766345,3.3144788999999997,0.9089876,-5.5462217,-1.7984961,5.7970104000000005,1.8391255000000002,913.1926,0.2835163,1254.6343,0.2309591,-89.520775,-1.0976006999999999,1844.477,0.13818619,-86.68271,-1.1012487,2819.2297,0.07504029599999999,-89.550224,-1.0380744,-1.396047,-3.2448652,13.491985000000001,0.56497014,0.06396978,0.27080312,-0.004732948,-3.2229817,1.0013924,6.3908553,0.0494154,0.0040986817,4.380475499999999,3.2745592999999995,0.16153847,0.12218184,0.12384614,0.13898192
5,34.44291,0.1320916,31.412783,33.501263,36.16298,4.7501964999999995,228.29065,410.3157,116.89813000000001,176.84486,0.5751103,0.7723831,0.21436748,0.43275094,0.88933897,0.67497146,10.13054,5.978263,6.719148599999999,3.7975513999999997,0.03093076,1.772646,1.4033127,0.5784979,3.7815466,0.88533056,-3.242297,-3.9283214,5.6871123,1.8944383999999999,931.7023300000001,0.28403002,1221.6208,0.27648333,-93.84634,-1.0216246999999998,1849.0875,0.13007331,-88.685036,-1.0662075,2827.5256,0.07936537,-91.041954,-1.0137533,-0.9192925,-5.6422349999999994,10.99005,0.7500521,0.066973954,0.25711563,-0.0054530883,-2.7479296000000004,1.1227128999999998,6.485326000000001,0.04881977,0.0063737277,3.886825,3.4058387000000003,0.15344538,0.12586798,0.12284483,0.15512957
6,36.275513000000004,0.1042691,34.243446,35.722366,37.54569,3.3022422999999996,175.2751,228.68504,213.46582,260.62302,0.63265276,0.7908733,0.21085304,0.48395720000000003,0.9335849,0.7227319000000001,10.121051,4.744197,8.936237,3.7629797,0.03150904,1.4792261999999998,1.3412024,0.5214022,5.047786,0.5682283,-2.805335,-4.8988795,9.2069435,1.2892151,905.623,0.27688417,1280.0083,0.22336039,-79.86516,-1.1840522,1842.5279999999998,0.14301989999999998,-73.10358000000001,-1.2463323999999998,2805.6404,0.07834177,-76.0826,-1.1677194,-1.8704174999999998,-2.7612321,13.777636,0.558654,0.069743246,0.23000817,-0.0008152055999999999,-14.986945,1.6955075000000002,4.8519535000000005,0.035518773,0.010674963,4.6822743,2.3890786,0.26,0.22570524,0.13571428,0.18290178
7,28.014167999999998,0.26628184,21.202479999999998,26.444561,33.92201,12.719528,315.8632,286.11847,167.12225,146.48463,0.53995866,0.78994614,0.097782835,0.47528592,0.9115146999999999,0.81373185,8.796213,5.175164700000001,7.0243382,3.3543687000000006,0.06476195,1.7373376,1.7065860000000002,0.65686655,1.0480592,2.9692534999999998,-3.6501105000000003,-2.390365,8.103389,1.1650708,895.93945,0.27847934,1144.1877,0.24389152,-143.03708,-0.6286510000000001,1935.1527,0.14493152,-140.1258,-0.63306063,2886.1086,0.09697331,-140.98654,-0.6205049,-6.8632812,-0.8331575999999999,15.456272,0.5048984999999999,0.085370705,0.18775775,-0.022385139,-0.9114083000000001,-1.4254459,9.486292,0.058069712999999995,0.00249026,3.4022682,2.6773762999999997,0.10024999,0.08183787,0.25325,0.38391006
8,26.413445,0.22217347,21.47179,24.643836999999998,32.41729,10.945499,452.3266,704.9302,226.92867999999999,296.81915,0.56542045,0.7045205,0.20935811,0.47512054,0.9020594999999999,0.6927014,8.558424,4.391945400000001,6.9383016,3.5976212,0.08577611,2.1033847000000003,2.2805781,0.7102771,0.28799823,11.853405,-2.1091816000000003,-3.9111428,9.357225,0.8635828999999999,888.1904,0.28471085,1178.4731,0.26288873,-146.1523,-0.6013473000000001,1901.605,0.14559929,-145.53212,-0.58912015,2884.9045,0.097184725,-146.54124,-0.5748843000000001,-7.504761,-0.6813378000000001,16.447008,0.4807717000000001,0.08809545,0.18202620000000003,-0.024745278,-0.7136756,-0.98846525,8.824364,0.06938001,-8.5119726e-05,4.0335593,2.8765354,0.08292135,0.08640383,0.25011492,0.30557838
9,26.481506,0.25516558,20.573147,24.454247,32.070694,11.497547,369.89462000000003,380.17593,225.86617999999999,257.76923,0.53220624,0.7631036,0.1384754,0.44840097,0.8689078000000001,0.7304324000000001,8.025403,3.8097095000000003,6.7702800000000005,3.1554349999999998,0.03997004,1.5639504,2.0581703,0.7409375,0.62019724,5.3990029999999996,-2.7656443,-2.4601512000000003,9.9667425,0.99016774,922.6070599999999,0.22983515,1146.215,0.23611729999999997,-152.30016,-0.55154437,1931.6161,0.12827887,-152.02335,-0.53939116,2919.781,0.084339336,-153.0572,-0.52356106,-7.8009143,-0.6717044,18.45076,0.46108615,0.08830747,0.17877059,-0.026404,-0.63927966,-1.5600673,10.372736,0.06323948,0.00020630145,3.9359574,2.811245,0.07404762,0.054861702000000005,0.28051279999999995,0.2897209
10,27.559973,0.29474459999999997,21.179257999999997,24.76312,33.44258,12.263323,656.11835,869.5826400000001,194.77916000000002,196.52452,0.52702963,0.77276903,0.1328633,0.43327478,0.8618345,0.72897124,8.737134,4.278404,6.1919699999999995,3.2270522,0.05891181,1.8609296999999998,2.2711818,0.6635783000000001,0.18667809999999999,18.194674,-2.2068002,-3.5759661,7.449024700000001,1.3612554,886.14594,0.28050864,1149.6272,0.27546355,-156.93028,-0.51648873,1934.2681,0.14451241,-155.30226000000002,-0.5113492999999999,2866.5327,0.090612985,-155.55739,-0.5079191,-7.345377,-0.9800341999999999,15.949069,0.5942166,0.08577861,0.18303269,-0.028207941,-0.7218321,-1.376199,8.510834,0.06549979,-0.0019563844,3.562132,2.6048807999999997,0.07573684,0.06518985,0.29711956,0.34708866
11,27.095757,0.26557824,20.54342,24.918447,32.661625,12.118203999999999,188.21812,85.65354,166.34253,137.26279,0.6008456,0.7938314000000001,0.115553066,0.50533885,0.997029,0.8814759,10.20749,5.667828,6.522953500000001,2.6194884999999997,0.07652350000000001,1.9764574000000001,2.2516556,0.61779445,-0.6261821,-5.720358999999999,-3.0511107,-3.4591894,7.549987,0.90659076,920.91266,0.2728317,1159.9121,0.25997764,-151.91078000000002,-0.55534184,1932.494,0.13300799,-149.36792,-0.56093997,2879.1323,0.09091289,-149.93296999999998,-0.5525048,-6.966224,-0.7330087,15.487784,0.4683615,0.08924513,0.19169039,-0.02516462,-0.67660964,-1.6847102999999999,9.581764999999999,0.06702735,-0.002232118,3.7306642999999995,2.6556776,0.08448275,0.066673994,0.27206895,0.30595672
12,26.586515000000002,0.26232994,20.787968,24.322842,32.880554,12.092586500000001,387.59286000000003,426.21054000000004,178.3266,222.25706,0.5355318,0.78330946,0.13493952,0.4393902,0.8933985000000001,0.758459,8.336608,4.3496146,6.2552304,3.485107,0.056671623,1.8292068,2.1056547,0.7203366,0.31616113,10.992644,-2.6181223,-3.0256267000000006,8.74997,0.92745316,879.2660000000001,0.29428115,1161.6991,0.23216064,-147.30696,-0.5975699999999999,1917.2191,0.14171538,-146.9915,-0.58001035,2872.2673,0.09251254,-147.59875,-0.5713811,-7.853794000000001,-0.7302075,17.015385000000002,0.48380026,0.085062616,0.1823837,-0.028886332999999997,-0.6526029000000001,-1.6583245999999998,9.281823,0.06381838,-0.0014544735000000001,3.522505,2.5468001,0.09299146,0.080120265,0.30194443,0.4022886
13,26.627226,0.27910134,20.763378,24.187069,32.49783,11.734451,452.31503,572.59344,236.82616000000002,351.36597,0.5097574,0.77577484,0.12913562,0.4161425,0.8224369,0.6933013000000001,8.490615,4.55093,5.927632,3.2391229999999998,0.062396765,1.977228,2.194193,0.6622329,0.52575725,6.1924660000000005,-3.0806065,-2.3388063999999997,8.936187,1.1137629,860.0587,0.28720619999999997,1198.9086,0.23037960000000002,-148.05171,-0.5871599000000001,1880.3859,0.13873866,-147.31767,-0.5732958,2852.6345,0.09241863,-147.95642,-0.56313354,-8.025795,-0.8135574000000001,17.395082000000002,0.52876985,0.08611282,0.20256108,-0.02820243,-0.6913074,-2.1633869999999997,9.422887,0.06490997,-0.0022626955,3.5670629999999997,2.824105,0.08248031,0.07288049,0.26044896,0.33032486
14,24.982967000000002,0.26681763,19.937172,22.802023000000002,30.734356,10.797184,506.45407,769.75287,135.18225,107.03981,0.50810206,0.76697326,0.14417759,0.42345843,0.79923326,0.65505564,7.950601600000001,3.6477442000000004,5.877012000000001,3.2543123,0.05343958,2.2241895,1.9440494,0.7074286,0.89186156,3.3418753,-1.9043383999999999,-4.450234,9.486597999999999,0.9483275999999999,832.1877400000001,0.3040482,1245.3909,0.21521102,-137.85185,-0.67278653,1870.4241,0.14529985,-137.97576999999998,-0.6470001,2826.1702,0.10056442,-138.68991,-0.63572264,-9.300467,-0.58780324,18.18211,0.47720355,0.08684908,0.19915174,-0.031422738,-0.59018433,-2.2462223,9.62616,0.06508933,-0.0038170129999999997,3.5497157999999995,2.885748,0.09605442,0.076135896,0.23650349999999998,0.27754736
15,26.157705,0.2752131,20.417824,23.888952,32.14842,11.730595,395.1167,567.7724599999999,217.2317,207.51778000000002,0.47528562,0.8123393,0.11197424,0.38260627,0.75739616,0.6454219,7.8121789999999995,3.676912,5.3750224,2.8744435,0.057969405999999994,2.0115075,1.9693583,0.72365946,0.5958528000000001,5.8105555,-1.6621977,-4.170313,10.242713,0.99542946,865.2488,0.27019823,1223.8983,0.22453204,-148.19451999999998,-0.58975434,1884.4388,0.13447753,-148.22456,-0.57078165,2849.739,0.0940275,-149.2184,-0.5559524,-8.59096,-0.6532915,18.401314000000003,0.44145924,0.08784363,0.18444242,-0.029781492000000003,-0.62794757,-2.0674179,9.415857,0.06295269999999999,-0.0017001634,3.2506254,2.5996535,0.08844444,0.07181113,0.28860465,0.3757241
16,25.35277,0.2616933,19.953332999999997,22.101126,32.397,12.443666,406.9414,412.37203999999997,145.17502,200.40563999999998,0.45726359999999994,0.75066435,0.18842825,0.35693923,0.6753953,0.48696706,8.448919,4.366963,5.574625,3.1014687999999997,0.044104665999999994,1.4952713,2.1776052000000004,0.70946676,-0.19502825,-20.055695999999998,-2.866228,-2.3026104,12.942214,0.55605435,853.0647,0.21565425,1230.9165,0.1934421,-145.70853,-0.60457766,1897.7415,0.1300779,-148.17856,-0.5599569000000001,2861.3088,0.081738435,-149.35513,-0.54336286,-10.357084,-0.5685946,20.729057,0.3821015,0.08448348,0.19266485,-0.038294405,-0.50914776,-3.4937205000000002,11.521662,0.06856807,-0.0076276436,3.7819800000000003,2.9082775,0.079615384,0.056533225,0.2532,0.34346142
17,24.69175,0.2614878,20.183617,22.56117,27.78916,7.605542999999999,453.28482,701.3162,274.44,637.4033,0.5480755,0.7871799,0.16650599,0.43378130000000004,0.8659264999999999,0.6994205,9.179997,4.908302,6.0120515999999995,3.0375588,0.042638168,2.3864064,1.7392244,0.71816665,1.7207150000000002,1.4947157,-1.9805293000000002,-3.198163,11.085429,0.74861795,842.5138,0.30493915,1247.7623,0.22652976,-133.86856,-0.7093621,1882.7031,0.15296806,-135.0614,-0.6702578,2847.1059999999998,0.09932187,-135.8977,-0.65699404,-9.125044,-0.5464525,19.853977,0.41704112,0.088362075,0.19375236,-0.027529765,-0.6233579,-1.3667502,9.402773,0.066057146,0.00038714142,3.6954712999999995,2.7824152,0.1056,0.09686402,0.24312499,0.32135212
18,25.524538,0.23865782,20.621998,23.670687,30.782814000000002,10.160816,395.78972999999996,594.5703,166.66101,142.94945,0.514931,0.77519685,0.1414131,0.41797113,0.82676136,0.6853483,8.142914,3.4502647000000004,5.7708580000000005,2.9272397,0.056107737000000005,2.071341,1.900708,0.73710495,0.88095784,3.4664445,-2.6430278,-2.3694825,9.50083,0.83686984,869.5242,0.26002379999999997,1210.1952,0.22720294,-143.15755,-0.6338193,1905.3533,0.12924416,-144.5074,-0.5980551,2862.1040000000003,0.08875929,-144.99055,-0.5908512,-7.8195853,-0.72723013,18.048617999999998,0.48696855,0.08638365,0.1889752,-0.02908683,-0.6276178000000001,-2.3320847000000002,10.034726,0.06347146,-0.0025298195,3.4620712,2.4946105,0.10074074,0.10962653,0.28859872,0.35340828
19,25.041788,0.2309328,20.532660999999997,23.131498,29.883902000000003,9.351239999999999,349.23073999999997,367.55463,148.93031000000002,161.72653,0.5150266,0.77639323,0.14851642,0.41179670000000007,0.827835,0.6793186,8.460919,4.9310136,5.7477922,3.0475137,0.04225564,2.1007105999999998,1.8449737000000002,0.7632395000000001,0.9890386999999998,3.2061682,-1.7238653999999998,-3.9680922,9.853653,0.7973113000000001,873.78125,0.27364099999999997,1230.9160000000002,0.23503287,-140.09871,-0.65969497,1914.1229,0.13352753,-141.51894,-0.62293535,2852.1914,0.09112297,-141.97691,-0.61600536,-7.2927084,-0.6356649999999999,17.856061999999998,0.48304763,0.08665176,0.18464568,-0.025319832999999996,-0.6626889,-1.8977401999999999,8.982434,0.06444492,-0.0005824098,3.265186,2.502208,0.10588235,0.090375625,0.27364704,0.33018658
20,24.54673,0.23301305,20.433851,22.748266,26.903414,6.4695625,356.3744,527.4063,178.81505,193.49704,0.5350267,0.74013025,0.16104768,0.44306323,0.87186074,0.71081305,8.959100999999999,4.7599874,5.798501,3.120633,0.047982138,2.4392560000000003,1.846516,0.762621,1.2194673,2.7021669999999998,-2.0490823000000002,-2.8662259999999997,9.228761,0.86336887,875.6499,0.26242128,1203.2160000000001,0.24462270000000003,-128.56302,-0.75906646,1913.4681,0.13909276,-130.507,-0.71046025,2850.1855,0.09441463,-131.23803999999998,-0.6991892,-7.662068400000001,-0.6828841,18.162708,0.47083223,0.08839993,0.18369977,-0.025610894,-0.7066793,-1.4276127,9.1320505,0.06484493599999999,0.001127199,3.4833593,2.6061444,0.12145695,0.09418455,0.24523489,0.27010447
21,29.429821,0.31767723,22.05126,25.33012,34.227108,12.175848,801.94354,1079.806,148.26987,170.07231000000002,0.52139187,0.7649536,0.12082952,0.42275777,0.8509722,0.73014265,8.484866,4.855321400000001,6.4016457,3.0691674,0.04397605,1.1695153,2.2358532,0.69210446,0.55066925,5.168776,-1.9470723,-4.065346,8.3600445,1.5011688,888.1683,0.32172385,1103.8446,0.28611857,-155.65200000000002,-0.5199826,1928.7917,0.14985548,-151.22617,-0.53983784,2871.992,0.10702443,-151.60997,-0.5355618000000001,-4.3501330000000005,-1.6501917000000002,13.816629999999998,0.76212305,0.092169136,0.18630579,-0.013047151000000002,-1.2503636999999999,-0.9258837,9.022402,0.06632325,0.0042857407,3.8626611000000004,3.0259366,0.06952381,0.052687414,0.24,0.24195631
22,26.501316,0.26860023,20.813679,22.16659,32.463615000000004,11.649937,452.47112999999996,404.16605,104.794495,55.00512,0.59354615,0.67522514,0.19565336,0.5665293,0.95331013,0.75765675,6.904922999999999,2.962314,6.6988563999999995,1.9176800999999999,0.075758934,2.2892816000000002,2.6677675,0.65754837,-0.8507625,-5.216479,-5.0042305,-1.0214478,8.4273405,0.80902135,920.43005,0.2270266,1329.1741,0.39426833,-133.16887,-0.6933071999999999,1912.2715,0.14932756,-132.4026,-0.67868286,2878.3894,0.08746572,-134.38182,-0.6491998999999999,-6.793412700000001,-0.69560504,19.795612,0.38245973,0.09496063,0.16331469,-0.015720226,-1.2859992,-3.5370784,13.511296,0.073811054,-0.0027704684000000005,4.0133779999999994,3.7414968,0.07909091,0.06052115,0.16636364,0.14449112
23,37.625890000000005,0.17094342,33.315544,38.105385,40.70776,7.3922157,199.1116,198.8959,133.85176,97.75116,0.50321954,0.7995909000000001,0.14286157,0.39337024,0.81435096,0.67148936,8.60881,5.2778397,8.806716,5.0275965,0.031693127,1.9109080000000003,1.220689,0.7418008,8.570488000000001,0.51789707,5.362134999999999,1.7622601000000002,17.514769,0.82550126,704.17413,0.30673453,1324.1686,0.17828192,-101.14233399999999,-0.93391246,1739.5702,0.13471967,-99.030396,-0.8806091999999999,2747.0693,0.087680034,-99.69144,-0.8646632,-9.07663,-1.0030177,17.931387,0.677752,0.062940516,0.38230368,-0.015681913000000002,-1.1374438999999998,0.14036047,7.101306,0.038136207000000005,0.012685073,3.5765379999999998,2.4495678,0.21882352,0.22699785,0.18933332,0.35611737
24,33.751853999999994,0.18176495,27.855808000000003,34.07692,38.324856,10.469047999999999,259.9341,514.6402,52.96898,53.540863,0.721254,0.9673263000000001,0.16862193,0.50405985,1.1738483999999998,1.0052265,12.495178,9.233317,10.151469,7.1852436,0.025283700000000003,1.8966493999999998,1.2595074,0.712086,6.313223000000001,0.65150124,3.8117642,2.313719,16.197779999999998,0.6125248000000001,712.8118,0.3656876,1301.5928,0.23119459,-96.36856999999999,-0.99764144,1740.3926,0.15221708,-94.01742,-0.96507645,2729.5195,0.10129971,-95.72532,-0.9304603000000001,-8.082082000000002,-0.8633521999999999,16.68575,0.54748166,0.07310094,0.31831770000000004,-0.016434364,-0.9854565999999999,1.5858287,4.773143,0.04564996,0.011607979,3.072526,2.7210883999999997,0.19592105,0.13324074,0.15944444,0.23476875
25,30.416266999999998,0.3403173,22.418497,26.213701,35.74269,13.324194,815.0276,1014.66095,255.88842999999997,227.9107,0.8423828999999999,0.6755693,0.28519353,0.7448685,1.4090555,1.1238618999999999,13.168486999999999,6.520414,9.518866000000001,5.4421916,0.04762514,1.9635228,2.059607,0.7450161999999999,0.86222094,5.0495863,-1.4688295,-6.759933999999999,7.0593185,1.6946651999999998,932.26404,0.26746774,1048.142,0.27449942,-135.67944,-0.6772792,1966.8999,0.13283844,-132.5253,-0.68518823,2889.3225,0.08714953,-132.94676,-0.67896366,-3.9318597,-2.0733087,12.859549000000001,0.7065732,0.0842437,0.2038738,-0.01429691,-1.2429663999999998,1.2664833999999998,7.923029,0.06835496,0.0034940438,3.569581,3.0031068,0.10166667,0.0976922,0.21354650000000003,0.22080629
26,26.444522999999997,0.23110121,22.422932,24.614943,29.294991999999997,6.872061,498.72335999999996,943.4178,141.07304,113.4567,0.9610700000000001,0.83612216,0.29883474,0.70084745,1.531406,1.2325714,13.549854000000002,8.595047000000001,10.516625,7.010064999999999,0.03801097,1.9028915000000002,1.5825521,0.7823351,2.9757626,0.9002924999999999,-2.3987973,-3.3950682,13.033092,0.68890464,922.50037,0.27166325,1082.6792,0.284671,-113.23165,-0.86959803,1908.2124,0.136193,-110.810776,-0.8850061,2887.3013,0.09293008,-113.191505,-0.8402669,-6.6366005,-0.89143294,16.719458,0.4474151,0.08300287,0.22214551,-0.0104957875,-1.5026461000000002,-1.7805289,9.004878999999999,0.066667214,0.0042926474,3.3771107000000002,2.6348808,0.15571427,0.13629699,0.21299998,0.3366318
27,29.031084000000003,0.30878764,20.909233,27.418166999999997,34.631190000000004,13.721957999999999,482.88192999999995,673.1562,198.79366000000002,153.23763,0.78175676,0.6436765999999999,0.29432058,0.68116647,1.3169414,1.0226208,11.626045,5.2448263,9.016014,4.49709,0.06223916,1.8307095000000002,2.0775876,0.70146793,0.10516134,40.48255,-0.85373235,-10.909934,10.776256,0.92432123,925.99744,0.27032,1096.2051,0.2565748,-133.7587,-0.684379,1915.4379,0.13220212,-130.56323,-0.70090276,2861.5676,0.084902406,-132.35437,-0.67301595,-4.057607,-1.4138585,14.887839999999999,0.58132267,0.08459805,0.18409258,-0.0100617185,-1.4382821000000001,0.23194166,9.787764,0.06956474,0.004019445,4.256804,3.2137868,0.0965942,0.09200264,0.20280303,0.22792318
28,27.962257,0.18619013,24.57917,26.255129999999998,30.180145,5.600975,226.94351,341.814,70.99859000000001,65.43771,0.99515575,0.8607469999999999,0.1589793,0.79280114,1.7394483,1.5804690000000001,15.720494,6.6538973,13.875293,7.3301864000000005,0.026042992,1.7263911,1.5441143999999998,0.69493806,3.3661269999999996,0.637467,0.70313907,10.884338,11.2532,0.85229844,835.41626,0.39254627,1129.0796,0.34044346,-84.939514,-1.1573353000000002,1840.5815,0.17816493,-81.60674,-1.180158,2819.1736,0.100383446,-82.75332,-1.1509875,-5.992369,-0.8455016,13.662032,0.51395446,0.07821541,0.22765438,-0.013506571,-0.8635609000000001,-4.9694858,11.790458000000001,0.063066,0.0070409547,3.5765379999999998,2.4495678,0.22941177,0.14877819,0.17733333,0.3029954
29,30.33701,0.3412065,22.196766,25.661179,36.348316,14.15155,608.0791,757.81354,225.93929,216.07668999999999,0.951932,0.6228107,0.31698382,0.9271069,1.572563,1.2555792,12.8549385,6.6425714000000005,9.870472,4.936944,0.04336757,1.7397181000000002,1.851159,0.67721593,0.6067448000000001,6.3316183,-1.9820389999999999,-4.959805,6.4796863,1.9630631999999997,963.8748,0.181835,1028.0065,0.29118177,-124.707825,-0.7581324,2003.9524,0.11620437,-122.18651000000001,-0.7582890999999999,2903.16,0.06911591,-122.57496,-0.7508233,-0.43097547,-19.757942,12.768807,0.7502504,0.075640015,0.23564383,-0.0011270716,-17.226965,1.8970599,9.539928,0.061123785,0.012465906,4.063135,3.7222397000000003,0.093739495,0.091879725,0.16597284,0.20346227
30,31.817371,0.15145937,27.577368,29.51694,37.498158000000004,9.92079,165.26946999999998,40.598434000000005,-77.2339,227.80128,0.47373086,1.9492826,0.07469507,0.1290742,0.46368736,0.38899228,17.608538,13.894828,8.97551,7.732012299999999,0.16837461,0.6756285,2.762489,0.6123172,-1.8726835,-1.0784637,3.3745208,2.8293049999999997,7.6145043,0.7023946999999999,887.6365,0.37283330000000003,1044.432,0.21688366,-188.39507,-0.24098006,1855.5569,0.15392719,-184.514,-0.28478068,2782.458,0.09101473,-184.72238000000002,-0.28058794,-1.0760435,-2.6510189,7.136792,0.39566755,0.08509201599999999,0.19630355,-0.020645754,-0.51524705,-4.5443096,11.6107,0.05575575,0.007792554,1.6722409,1.0309279,0.06666666,0.046427958,0.65999997,0.7250861999999999
31,25.936161,0.27513516,21.098595,22.895447,33.262386,12.163791999999999,511.98938,878.1144,100.431015,115.45793,0.66188145,0.6681216,0.18214005,0.6418235,1.050513,0.868373,11.286729,6.559141,7.139228999999999,3.8686580000000004,0.023427427,1.6520053,1.2532823999999998,0.70844275,3.6813672,0.80534387,1.0193591999999998,5.994706,18.288185000000002,0.5606966999999999,680.9704,0.38978985,1273.1854,0.20597886,-118.79198999999998,-0.8264881,1721.6718,0.17064318,-119.40974399999999,-0.7830573000000001,2721.2854,0.10187188,-120.77327,-0.7605525,-10.463213,-0.6263608,20.186498999999998,0.42148718,0.055760607000000004,0.40581146,-0.01842932,-0.9952985999999999,-2.0244932,10.166507000000001,0.02673437,0.005508310600000001,3.147985,2.5633470000000003,0.15034482,0.12972514,0.22987951,0.2688328
32,28.926868,0.35993722,20.401016000000002,25.104313,34.698944,14.297928,504.10535,767.3995,425.13199999999995,736.7679400000001,0.7329189,0.6724145,0.23619984,0.65320086,1.2397189,1.003519,10.702577,4.738576,8.892658,4.3183126,0.054624658,2.0715816000000005,2.1834173,0.7512839,-0.23105276,-18.837334,-2.0378686999999998,-4.7547445,7.2666492,1.4788841000000001,939.3616,0.25345993,1091.2255,0.29363632,-150.5922,-0.5577828,1944.2029,0.12396905,-148.3145,-0.5650366,2875.3257,0.08488238,-149.2539,-0.5505449,-5.0465555,-1.6258378,15.091763,0.56858087,0.08550148,0.20145616,-0.01587698,-1.2504206,0.34921074,9.536814999999999,0.068913355,0.0014885103,4.212349,2.9072006,0.07814569,0.06355269999999999,0.25376713,0.27642068
33,23.647394,0.124976665,21.854042,22.766289999999998,25.01765,3.1636086,156.96323,185.19894,45.295593,35.04651,0.7490469,0.6663998999999999,0.22173110000000001,0.73749036,1.1913893999999998,0.9696584,12.008756,7.242850999999999,9.02166,5.2874203,0.020926127,2.4410917999999997,1.1947854,0.808688,3.6291006,0.6510859,1.4814906,3.8818118999999998,22.446185999999997,0.37968850000000004,745.7217,0.3699055,1240.2797,0.20211422,-108.38573500000001,-0.9173507,1782.2566,0.16663405,-111.01898999999999,-0.8534283000000001,2770.4668,0.100411154,-113.04958,-0.8191931,-12.165272,-0.61504704,23.218456,0.34764525,0.05738934,0.43893698,-0.018909356000000002,-1.0353092,-2.9038994,11.60644,0.025563717000000003,0.0068290127,3.669725,2.766136,0.15272726,0.13410245,0.20032258,0.19028813
34,24.246141,0.28764120000000004,20.283672,21.182474,30.899355,10.615683,395.51828,457.19852000000003,150.6371,146.89296000000002,0.75000113,0.5696460999999999,0.3608015,0.70888823,1.1056540000000001,0.74485254,10.009404,4.96098,8.322175,5.295995700000001,0.04488554,2.3740485000000002,1.7593304,0.7928175000000001,1.1413245,3.0268068,-0.5334949000000001,-11.867957,12.170264,0.9033194999999999,800.6534,0.34933773,1216.8075,0.25570917,-120.84218600000001,-0.8129662,1822.3353,0.1633993,-121.50358,-0.78120536,2818.5442,0.1043805,-123.14886000000001,-0.75480914,-8.340503,-0.83891284,17.882412,0.5296107,0.07407194,0.28584495,-0.02200078,-0.7762689,-0.73661226,9.950987,0.0556831,0.00054968055,4.66978,2.813128,0.12761904,0.103321254,0.20785715,0.28292295
35,27.031670000000002,0.3501547,20.104538,22.072789999999998,31.905355,11.8008175,473.8079,666.25366,215.4735,214.98212999999998,0.6546361999999999,0.6335021,0.27019647,0.56960624,1.0365709,0.76637447,10.568845,4.901816,7.6174936,3.3759794000000003,0.046030067,1.7350581999999999,1.9839116,0.6400607,0.48843762,7.5283856,-1.8287189999999998,-4.669039,10.074905000000001,1.0748385,820.4699,0.36632186,1152.242,0.24470924,-143.2728,-0.6156469,1838.6527,0.15924259,-142.15861999999998,-0.60901797,2834.2573,0.10386722,-143.44238,-0.59038746,-8.544288,-0.82612336,18.016679999999997,0.5211106,0.08937017,0.17583624,-0.02276068,-0.7197607,-0.74177927,9.798589,0.07474068,-0.0024598704,4.878049,3.0740277999999996,0.083265305,0.06115847,0.2306383,0.24385557
36,23.674519,0.17187349999999998,21.840042,22.82188,24.236732,2.3966903999999998,220.57597,398.25592,69.32984,83.069916,0.7057507,0.61217564,0.20116538,0.7336633,1.080179,0.8790136000000001,10.625319000000001,5.9358363,7.5202465,4.106423,0.018694885,1.183946,1.2024583999999998,0.73286384,3.4650742999999995,0.67150944,1.3416513,3.546497,21.010302,0.41302902,691.5585,0.39423040000000004,1293.9398,0.21826592,-107.83313000000001,-0.929815,1719.5668,0.17145596,-110.3021,-0.86575496,2717.7188,0.10644747,-112.23254399999999,-0.8319424999999999,-11.38992,-0.6041613,21.417051,0.36169052,0.05700856,0.35109824,-0.021296272,-0.901233,-2.5194402,10.512483999999999,0.026426885,0.0059312657,4.0009760000000005,2.4914509999999996,0.17156862,0.14947455,0.20766990000000002,0.27005997
37,29.485203000000002,0.37636787,19.604782,29.301926,34.30867,14.703888000000001,696.48926,1006.38586,334.57095,485.3887,0.7428121,0.6322478,0.27245949999999997,0.6750149000000001,1.220896,0.9484365,11.646197,5.3571267,8.974945,4.29929,0.05271327,1.6580883000000002,2.3403347,0.6974996,-1.4192015,-3.3035812000000004,-4.032838,-2.0579959999999997,7.429622,1.5392709,942.51825,0.21184106,1045.6505,0.27757170000000003,-163.90511999999998,-0.45723528,1958.5026,0.11640889,-162.49663999999999,-0.45775273,2911.4824,0.081413604,-163.18736,-0.44710597,-3.8009187999999994,-2.1135945,14.654212,0.6747749,0.0838961,0.19771115,-0.012629023999999999,-1.4732808000000002,0.841518,7.659930999999999,0.07000036,0.0014063551,4.369568,2.4064810000000003,0.06811881,0.05409405,0.3370408,0.36059955
38,22.757382999999997,0.2062038,20.96069,21.66777,22.653263,1.6925735,240.2481,337.1397,129.97372,165.8052,0.6595169,0.6039619,0.21468952,0.67157954,1.0318459999999998,0.81715655,10.374061,5.7856417,6.8046193,3.6150038,0.02161757,1.50635,1.336437,0.7725049,2.7595837000000003,0.68344736,2.7906183999999996,1.6663536,20.588509,0.37461138,665.4930400000001,0.4018345,1287.6661,0.1909287,-120.89966000000001,-0.81008416,1680.8223,0.17321458,-122.50223500000001,-0.7654174,2698.7275,0.10614226,-124.661934,-0.7302519000000001,-11.136472999999999,-0.5702626000000001,22.015982,0.3365601,0.054741077,0.3986086,-0.020957844,-0.9042036,-3.5325406000000004,11.884298,0.02896478,0.0031343945,4.168056,2.9726121,0.11966292,0.120340794,0.19651686,0.22128884
39,29.64405,0.34792176,20.437784,27.962078,35.774044,15.336260000000001,674.3947,1041.7198,303.39404,528.0848,0.7842712,0.63757974,0.27310637,0.7058689,1.3391616000000002,1.0660553,10.958248,5.182226,8.216304,4.1036790000000005,0.05701169,1.6356113,2.4710004,0.702237,-1.1889253,-4.2025084,-2.5450776000000004,-3.3830980000000004,6.3234825,1.9635191000000003,938.5741,0.22796887,1037.1388,0.32612340000000006,-143.42577,-0.61457705,1946.7882,0.11469611,-141.87463,-0.6170726,2886.5017,0.07527942,-143.0205,-0.59996766,-3.5752879999999996,-2.2684580000000003,13.112561999999999,0.75513643,0.0829933,0.22148018,-0.015217105,-1.1952200000000002,0.5988977,7.6728797,0.06762315,-0.0006332623,4.3963714000000005,2.796551,0.09274999,0.08077706400000001,0.25920355,0.2601876
40,28.550663,0.35223782,19.961538,24.494776,33.794777,13.833239,579.60956,618.4146,260.20514,233.79308999999998,0.70940775,0.6340321999999999,0.2632583,0.63767534,1.1672115,0.9039531999999999,11.624112,5.4303230000000005,8.877297,4.393441999999999,0.06285208,1.7411199,2.243106,0.6907095999999999,-0.6722103,-6.6071805999999995,-2.6596086,-3.2227125,7.24483,1.6167829,959.7583599999999,0.18096846,1052.1271,0.26583892,-161.42296000000002,-0.476297,1971.5795,0.10031646,-160.68832,-0.47281140000000005,2883.6992,0.06770413,-161.4572,-0.46119103,-4.3720155,-1.7766182000000001,15.181683,0.6074288000000001,0.08406392,0.18506679,-0.01556034,-1.2154399999999999,0.10485343,8.80965,0.070073985,-0.0015748673,4.746318,2.4754278999999997,0.06911764,0.060433134000000006,0.32157892,0.3852639
41,29.515873,0.20350671,22.935642,27.803164000000002,34.725821999999994,11.79018,647.54614,329.0613,17.441553,7.190705,0.35761252,1.1515563999999998,0.06794874,0.10349566,0.7504859,0.68253714,9.870728,5.9259806,8.671225,6.026191000000001,0.017771283,0.73487496,1.0513384,0.71999246,5.027273999999999,0.767027,5.92762,1.072677,18.964174,0.34054196,669.7691,0.33818787,1302.0189,0.15527971,-160.60887,-0.47973713,1757.8447,0.13404715,-160.18988000000002,-0.46293935,2699.2075,0.085429475,-160.47705,-0.45916063,-9.44641,-0.57037085,18.395267,0.39177868,0.061383173,0.29853186,-0.01787206,-0.89378124,-2.8277047000000004,10.598971,0.028986667999999997,0.014479687,2.5062656000000003,1.7811706000000003,0.111428574,0.053832695,0.42999998,0.6264868
42,29.322212,0.22980708,21.541828,28.941366,35.7006,14.1587715,118.6164,121.31374,195.01967,434.0012,0.95864683,0.9528786,0.22363670000000002,0.6685107,1.5129979,1.2893611,14.898254999999999,7.992647,12.001342,7.689787,0.029025316000000002,2.5948875,1.3450496,0.8320506,5.340441,0.681511,1.9352517,3.6774682999999997,19.122847,0.4326574,687.67883,0.38163394,1301.3331,0.18665402,-114.37591599999999,-0.85244066,1726.78,0.16544464,-114.04578000000001,-0.8130601,2724.8103,0.10718728599999999,-115.82907,-0.78305787,-10.8928585,-0.6677017,20.021221,0.44905959999999995,0.06041375,0.4041258,-0.022980522000000003,-0.7948504,-3.8458379999999996,11.01989,0.04773527,0.0022164441,3.0736241,2.8694406000000003,0.14475,0.12771037,0.19289474,0.30940443
43,29.398695,0.35711357,20.381532999999997,25.869911,35.090903999999995,14.709372,651.86865,856.1469999999999,269.05408,300.71157999999997,0.75100774,0.67418003,0.23909011,0.6603598,1.2831008,1.0440108000000001,12.2231455,5.579526,9.395201,4.7036505,0.05792292,1.8291228,2.3871245,0.67314804,-0.31855386,-13.724617000000002,-1.4064465,-6.992021,8.681853,1.332466,948.98785,0.21311162,1053.5729,0.26886398,-153.23004,-0.5404824,1979.2795,0.118923716,-152.64989,-0.5310045999999999,2897.5386,0.07734942,-153.2532,-0.52206653,-4.655952,-1.6493970000000002,16.012852,0.56200075,0.08525789,0.19404653,-0.011464067,-1.6968824,0.57877797,9.623611,0.07090478,0.0049509346,3.917588,2.5951557000000003,0.08194202,0.07772864,0.29065475,0.31333113
44,24.176853,0.2757656,19.988817,21.919807000000002,26.757908,6.7690907000000005,593.19775,859.4114,101.687996,100.28671,0.96953344,0.78503484,0.27025318,0.80989456,1.5618825,1.2916292999999999,13.812304500000002,6.64055,12.160005,7.4858985,0.036864396,1.7132832999999998,1.5019128000000002,0.7446488,2.9982862,0.85149264,1.3480226,7.266021,20.07442,0.5163326,670.54877,0.43413225,1266.1655,0.21594131,-103.54346,-0.9813514000000001,1729.7615,0.16820125,-105.69695,-0.9093146000000001,2728.031,0.11508059,-107.1546,-0.88076264,-12.934385,-0.62912077,21.469824,0.44013044,0.06481784,0.33828443,-0.015328705,-1.0974839,-2.6735523,10.187753,0.058242824000000006,0.004258248,3.7531276,3.1852473999999997,0.13842104,0.16517177,0.15945946,0.14407104
45,24.82675,0.3279743,19.943796,21.35013,30.239948,10.296152000000001,328.60492,387.74387,167.9614,101.77438000000001,0.88132656,0.7252607,0.22745198,0.75817376,1.4373636,1.2099116,12.633819,6.882428999999999,11.174883,6.84475,0.053055022,1.625644,1.7581784,0.75668895,3.0274508,0.84181285,5.9688663,1.3456217,18.612556,0.595594,608.0254,0.4562414000000001,1257.86,0.22501683,-115.95291999999999,-0.85602033,1686.0048,0.16291392,-118.07942,-0.78673273,2652.5647,0.11487907,-117.9558,-0.7838016,-12.788221,-0.6304269,19.375313000000002,0.42472973,0.061426985999999996,0.27286103,-0.020792069,-0.9422200999999999,-3.6343105,10.858697,0.06023739,0.0010357685,3.8397330999999997,3.3670033999999998,0.11449999,0.090690404,0.15428571,0.11910664
46,29.99026,0.28546527,22.846916,25.96772,40.86289,18.015972,464.9983,326.52954,294.49646,288.18805,0.7958989000000001,0.76483655,0.14176129,0.70200974,1.4254717,1.2837104,9.060410000000001,6.287187,9.848556,5.850760500000001,0.057250172,1.5318213,2.053261,0.7391566999999999,0.2598402,15.307978,1.0765167,8.777951,7.399508,1.7885058999999996,1032.0629,0.15388143,964.6383,0.29455742,-144.36908,-0.60217863,1991.8352,0.09389582,-142.68974,-0.6129368000000001,2962.0444,0.05161877,-144.54816,-0.5842258,-2.2815745,-2.7321562999999998,13.961314000000002,0.67436713,0.07916834,0.2281363,-0.005435722,-2.4923482000000003,0.18552624,8.410052,0.06346011,0.009520097,3.8397330999999997,2.6936026,0.095,0.08411302,0.24058822,0.3930794
47,23.485256,0.40515444,18.740515,19.855417000000003,23.20466,4.4641457,465.80753,487.63263,221.12996,190.0899,0.7571614000000001,0.8279468000000001,0.20422067,0.60294837,1.2259352,1.0217146000000001,13.434410999999999,8.862511999999999,9.556610000000001,7.1498289999999995,0.020995157,1.2818506,1.5109438,0.7888109000000001,2.5165262000000004,1.0697343000000001,-2.8733988,-2.4467444,19.479845,0.6218215,638.62634,0.41765603,1288.7910000000002,0.23108542,-126.985596,-0.765363,1693.1583,0.16452491,-127.63977,-0.7217884,2736.1165,0.10575733,-129.51154,-0.69042283,-12.762399,-0.8356001000000001,24.387047,0.45078242,0.06930432,0.29851803,-0.018783466999999998,-0.91977924,-3.1134925,11.675449,0.060963698,0.0038162626,2.8685791000000003,3.1480243,0.10702127,0.121863455,0.19456522,0.17871165
48,26.841345,0.44585449,19.035172,21.14105,33.92317,14.887997,602.771,952.7978,241.51225,198.27843000000001,0.55334467,1.0332458,0.08818848,0.28779525,0.9987048000000001,0.9105163000000001,10.43395,4.935391,7.792382000000001,4.5904,0.022849547,0.69028705,1.8067186000000002,0.732328,0.78292435,4.1180696,-3.2441275000000003,-2.5979056000000003,12.000555,0.9059531,840.97864,0.350206,1138.4714,0.36363944,-164.45935,-0.45659682,1867.9601,0.15335946,-162.49437,-0.46122366,2838.2153,0.08477654,-163.3518,-0.44903848,-6.2302275,-2.0320631999999996,15.11754,0.7938891,0.06640177,0.32455334,-0.0057428125,-3.2863045,-3.1273506,11.602183,0.052728314000000005,0.0060485033,3.1145718,2.4608502,0.065,0.05742584,0.32090908,0.438913
49,34.522926,0.15448238,32.120315999999995,33.80924,38.63948,6.519165,202.10356000000002,176.22449,185.47293,195.72871,0.5169148,1.0601133,0.07844991,0.27937987,0.9326668,0.8542169,11.320828,6.5989556,10.780827,7.457123299999999,0.034015566000000004,1.9313159,1.3310888,0.71555424,7.1098360000000005,0.6245717,5.3348017,1.2827297,17.280571,0.5417579,659.84796,0.38171992,1372.1664,0.16641171,-136.24681,-0.6522484000000001,1681.7632,0.13824698,-133.8965,-0.63812757,2669.6372,0.09092363,-135.18451000000002,-0.61907333,-9.563792,-0.70968884,18.65091,0.5151876,0.059369273,0.41149595,-0.017419621,-1.0198972,-2.6826668,9.584159,0.043821312,0.010737519,3.0033371,2.2371366000000004,0.152,0.12777324,0.26142856,0.35041863
50,27.281713,0.1755634,24.649567,25.313347,28.15792,3.5083542000000003,254.41862000000003,159.98909,68.09306,54.267487,0.9651847,0.74790806,0.29711354,0.7534893,1.6752305,1.378117,14.950999999999999,7.5863504,12.121802,7.251022,0.024189346,2.0292473,1.1377745000000001,0.7238126,5.4735227,0.48177728,-1.4866841999999998,-3.4379232,29.194571999999997,0.43564922,592.3196,0.32258390000000003,1410.685,0.15976293,-76.91167,-1.2188333,1679.8232,0.14300033,-82.4876,-1.0401646999999998,2762.9248,0.10400227,-87.786026,-0.9316142,-18.982860000000002,-0.47047892,28.350865999999996,0.28887892,0.060653187000000004,0.25405514,-0.031297337,-0.42855087,-8.827513,18.143829999999998,0.06289812,-0.011520029,3.0075187999999997,3.2994925999999998,0.17999999,0.16290629999999998,0.10153846,0.06992811
51,27.88164,0.17873907,24.809604999999998,26.093794,30.080240000000003,5.2706356,400.23523,503.09573,430.69656,903.2676,0.796883,1.0593516,0.10152631,0.42704687,1.458669,1.3571427,17.31031,10.0393,12.743024,7.495240700000001,0.019864286999999998,0.9756585999999999,1.3462558999999998,0.8066837,5.4130955,0.5269767,0.6356586,10.187366,25.303297,0.38342020000000004,584.08527,0.4282429,1362.3059,0.18529205,-137.11504,-0.6633479,1681.7142,0.14447644,-140.07461999999998,-0.6029591,2682.9746,0.098223895,-141.31593,-0.58489394,-16.857864000000003,-0.43462515,25.254866,0.30152902,0.0619475,0.22155514,-0.026534903999999998,-0.5417841,-5.665275,13.579956,0.052761946,-0.0012731208,3.0937216,2.3765998,0.12538461,0.115266606,0.26481482,0.67078376
52,25.310757000000002,0.15850644,21.683186,24.603308,27.239991999999997,5.5568066,424.19095,617.88666,61.6022,94.62617,0.5860969,1.0413392,0.093030855,0.28661179999999997,1.2432871,1.1502563000000001,10.963932000000002,7.126226400000001,7.3421645,4.5192943,0.03020315,2.203112,1.251528,1.0058048000000002,3.1138434,1.4070083999999998,-2.5971086,-1.5868663,14.5855,0.8375535,840.5389,0.30429634,1200.5276,0.22884320000000002,-146.53275,-0.61489445,1843.9054,0.12849125,-147.58281000000002,-0.58944875,2827.184,0.08818985,-149.53773,-0.5605219,-9.132899,-0.8131316999999999,20.868137,0.39321999999999996,0.07606878,0.22470844,-0.028045999,-0.48020519999999994,-4.431006,12.186368,0.050544728,0.0006585025,2.001668,1.4249791,0.17411764,0.15021783,0.50764704,1.0254556000000001
53,27.30295,0.23140647,23.559595,25.563244,29.301709999999996,5.742115,670.7109,1065.7311,207.91806,252.99213999999998,0.7605061,0.6986974,0.24454935,0.6532878000000001,1.2734219999999998,1.0288726000000001,11.393517999999998,7.1290627,8.328449,4.443418,0.036866378,2.2062272999999997,1.4258695,0.8919471999999999,2.9078333,1.6898461999999999,-0.31371817,-24.167368,19.530941000000002,0.6780193,827.7235,0.3387386,1210.7184,0.22652389,-124.29751,-0.7721300999999999,1852.2822,0.15843219,-125.179405,-0.7337728,2855.0444,0.09306985,-127.70818,-0.6948999,-10.312664,-0.97922146,22.085682000000002,0.5050699000000001,0.07466863,0.24142867,-0.016896768,-0.9955885,-8.475032,18.693104,0.059971712999999996,-0.00822987,3.9126480000000003,2.84143,0.12451612,0.12790719,0.21433333,0.24903388
54,29.149824,0.34119132,21.152882,25.261986,33.846066,12.693184,563.8408,782.92786,396.24835,494.04953,0.617412,0.85637605,0.10273199999999999,0.43221796,1.1586388,1.0559068,10.381501,4.60375,9.111297,5.2401123,0.04468964,1.5401001,1.9564244999999998,0.8107768,0.59690344,7.6830034,0.83243006,13.734760000000001,9.464732000000001,1.2297416,943.82104,0.22178097,1055.9891,0.27449232,-157.25298,-0.5123762,1986.7528,0.13011082,-156.68562,-0.50214225,2896.0698,0.08051049,-157.2034,-0.49414897,-4.3191120000000005,-1.6367488000000001,14.850842000000002,0.56161624,0.07990781,0.21844539,-0.009309261999999999,-1.8514468999999998,-3.1772957,12.205652,0.05989839,0.0019250576999999998,2.6447463,2.4390244,0.07941176,0.08622615,0.31,0.5040541000000001
55,28.496202,0.21275425,25.342606,26.724529999999998,29.547971999999998,4.205366000000001,568.8832,806.0359,61.222485,50.720432,0.90451825,0.7989393,0.188127,0.7711754,1.4729473999999998,1.2848203,13.506022,7.730527,10.767853,5.4591709999999996,0.022537058,1.0826443000000001,1.2526276,0.87385565,6.0357566,0.49954066,0.6710590999999999,11.646402,32.326840000000004,0.27180085,677.56805,0.31284901,1410.2596,0.16108245,-143.23479,-0.60647273,1815.2341,0.12901424,-146.45306000000002,-0.5464399999999999,2881.8796,0.08443760000000002,-148.1075,-0.5232266999999999,-21.682745,-0.30091890000000004,30.801003,0.23705883,0.060390085,0.28481334,-0.034850333,-0.46451512,-14.003189,24.662472,0.060458384000000004,-0.014755578,3.2165833,2.0803444,0.1337931,0.17844951,0.31566668,0.40353176
56,31.14545,0.4084757,19.689867,27.856606,42.560356,22.87049,742.7889,799.2606,584.6531,929.7326,0.7369268,0.68712246,0.19193898,0.66563064,1.2856413,1.0937023000000001,11.31097,5.970927,9.124435,4.457060299999999,0.046574227999999995,1.3705341,2.2763522000000003,0.6081486999999999,0.009978151999999999,390.16586,-1.4403517,-7.338561500000001,9.817358,1.4726677,987.2037,0.17109859,1070.0492,0.2179535,-166.35513,-0.43550807,2016.6251,0.11244089,-166.17397,-0.42644912,2914.8835,0.07186368,-166.60992,-0.42025470000000004,-3.4744290999999996,-2.635863,15.03819,0.6206911,0.076716095,0.20949231,-0.010188043,-1.8489273999999998,0.044935152,10.518075,0.067194775,0.0036940353,4.2801557,2.2853956,0.06512195,0.04904562,0.3519512,0.31893283
57,35.792496,0.14784314,32.848877,36.926753999999995,40.487606,7.638729,148.25217,141.73938,71.57798000000001,55.011219999999994,0.43899825,1.0311027,0.08864668,0.26406482,0.7827812,0.6941345,11.118827,7.341046,9.517241499999999,5.478125599999999,0.016164038000000002,0.8389300999999999,1.1567372,0.6823751,8.624715,0.45859978,6.3655029999999995,1.2086118000000001,18.432535,0.38997462,665.25006,0.32418802,1398.3394,0.16699015,-141.03226,-0.6189581000000001,1721.4755,0.11627738,-136.90999,-0.62084234,2705.3486,0.08942914,-137.8744,-0.6065531,-11.108408,-0.5776954000000001,18.72801,0.47698817,0.06197764,0.39419743,-0.019513048,-0.81060034,-3.9549184,10.382241,0.04772791,0.0053296559999999995,3.1289113,1.5132409,0.2225,0.23234762,0.38538459999999997,0.5441523
58,29.460959999999996,0.24012862,24.829404999999998,26.651434000000002,33.504807,8.675402,374.42264,786.65594,211.5631,539.72565,0.5494491,0.8335766,0.111115605,0.44252837,0.89956117,0.7884456,8.708631,5.776276999999999,7.315506500000001,5.279316000000001,0.027887203,1.7152302,1.4066404,0.69657767,5.120292,0.5825191999999999,2.8700243999999997,3.013042,19.575982999999997,0.70240426,719.5208,0.3644077,1265.5547,0.22815843,-94.244484,-1.0557249,1762.2561,0.15704572,-94.578705,-0.9912098,2768.545,0.10998901,-96.15759,-0.9580074000000001,-10.577769,-0.9128915999999999,19.764183,0.5863883000000001,0.06823211,0.3270958,-0.019477999,-1.1095114,-0.82286096,7.393231,0.04476838,0.008296505,2.8212363999999996,2.824859,0.18154545,0.17050293,0.16213593,0.25028393
59,30.065407,0.33340102,22.957245,26.32275,36.983696,14.026451000000002,658.83734,986.9107,319.96735,291.04974,0.7032364000000001,0.72522426,0.16640073,0.61632764,1.2175103,1.0511096000000002,11.71393,6.0489999999999995,9.082963000000001,4.5413294,0.048084367,1.775827,1.7878403999999999,0.74465007,2.2442226,2.1063127999999995,0.34049663,27.999954,12.123447,1.2805632,871.8468,0.28649759999999996,1140.2087,0.29334554,-147.15022,-0.5889848000000001,1901.844,0.13753422,-144.66734,-0.5890466,2873.5325,0.09108587,-145.32146,-0.5786986999999999,-6.240559999999999,-1.7349051,16.394709,0.6900334,0.07465882,0.30291840000000003,-0.012366675,-1.6989756,0.76287544,7.034267,0.064302035,0.0042122584,4.0260067,2.5788683999999997,0.098834954,0.12065598,0.2765,0.367634
60,28.946734999999997,0.23348789,24.680967000000003,26.606144,32.84239,8.161421,329.37564,672.75995,166.44913,181.78049,0.5267293000000001,0.83055687,0.11216903,0.42136803,0.86333495,0.7511659,8.494502,6.3941455000000005,6.827169400000001,5.2034902999999995,0.026002578,1.8101333,1.3463348,0.7515261,5.7089767,0.5241235,4.452375,1.9775488,25.682339000000002,0.51490027,702.8543,0.3637789,1313.2157,0.21120699,-86.3452,-1.1500868999999998,1747.4974,0.15379828,-87.17005999999999,-1.0667746999999999,2800.5679999999998,0.10506418,-90.81385999999999,-0.9845067,-13.017035,-0.74328494,24.975983,0.4551835,0.06484434,0.36794275,-0.020451449,-1.0276976999999998,-1.3835015,9.512846000000001,0.044952538,0.009094939,2.6125627000000002,2.3968785,0.23372093,0.17332621,0.16666666,0.26731175
61,30.650774,0.31302387,22.155273,30.091784000000004,36.4299,14.274628,511.39127,681.1764,230.81153999999998,209.94667,0.73514384,0.653546,0.28725484,0.6272004,1.1913836000000002,0.9041288000000001,11.559827,5.7447963,8.885491,4.4533567000000005,0.042439863,1.8591958,2.1141647999999997,0.67772895,0.6307265999999999,7.636657700000001,-0.64883894,-15.585362,8.818589,1.769956,901.7597,0.28347459999999997,1067.413,0.31670713,-152.14037,-0.54761374,1946.5527,0.14266388,-150.69069,-0.54550415,2874.414,0.08970565,-151.11836,-0.5390891,-4.352665,-2.134102,14.933085,0.7422941,0.080863394,0.2398496,-0.014779111999999999,-1.3852586999999998,1.7534876,7.536737,0.07281486,0.0018208076,4.3644300000000005,2.5669034,0.08673758,0.0870436,0.3014394,0.31033495
62,32.26915,0.34429616,20.684406,31.908657,40.447388000000004,19.762981,541.02655,695.64496,343.85995,246.56044,0.7560583000000001,0.6670590999999999,0.24889156,0.656472,1.297879,1.0489874,12.228105000000001,5.6877174,9.501306,5.088582,0.08541839999999999,1.7991968,2.7299714,0.6285082,-1.4301687,-3.229567,-2.592864,-3.934944,6.535264499999999,1.8956587,967.2661,0.18800493,1030.9426,0.25941426,-164.5253,-0.44904336,1964.2717,0.111722395,-162.45432,-0.45588037,2907.0837,0.07051806,-163.23997,-0.44410109999999997,-3.526728,-1.9479578000000002,14.524818,0.57642496,0.08452789,0.2173052,-0.011987916999999999,-1.4535041000000002,1.9426903999999998,7.4309210000000006,0.07195147,0.0019391251000000001,4.242842,2.5570147,0.06378378,0.05326381,0.32855073,0.30816087
63,29.30279,0.18841441,26.217854,27.762512,31.065609000000002,4.8477554000000005,338.71472,556.8954,321.2354,892.0984,0.56197524,0.78208786,0.14228642,0.46953297,0.9070679,0.7647815,8.200427000000001,5.221386,6.7555814,4.3371615,0.026742328,1.9951591,1.338484,0.6718289000000001,5.338116599999999,0.5955073000000001,5.2009277,1.6743436,27.358535999999997,0.43124503,775.22546,0.32713133,1295.9089999999999,0.21355961,-84.96598,-1.1674441,1767.6152,0.15204136,-86.81151,-1.075934,2852.3887,0.10276756,-92.34809,-0.9576355,-10.385516,-0.87931645,26.13365,0.42851356,0.065507434,0.34126464,-0.015817555,-1.4362422,-0.19875723,8.443777,0.042295232,0.008975691,2.8840494,2.5383706000000004,0.21860465,0.16651814,0.16624999,0.26229456
64,26.130175,0.19084324,21.163755,25.126892,30.961570000000002,9.797815,244.24455,411.22717,58.910743999999994,56.263057999999994,0.65425223,0.75525737,0.20298743,0.51172465,1.162696,0.9597085999999999,9.2815485,5.528550599999999,8.0145645,4.555137,0.046725325,1.4510491,2.0966456,0.8446751,1.5701778999999998,3.2528822,0.40429783,24.107336,14.656329999999999,0.97268486,884.5706,0.26990208,1148.4994,0.1791976,-132.02467,-0.71188873,1892.0961,0.12434224,-133.82465,-0.6791435,2885.8123,0.08547614,-135.67661999999999,-0.65041536,-8.757203,-0.7879495,19.995086999999998,0.48902106,0.07610625,0.30564502,-0.017770637,-0.8534321,-1.4537325,9.0885105,0.06380183,-0.00021191099999999998,4.380475499999999,2.6481717000000002,0.11523809,0.10186915,0.26789474,0.30967855
65,33.000458,0.25980836,28.146507,30.546561999999998,32.621809999999996,4.475303599999999,283.98056,301.8555,253.0631,340.2988,0.5127252,0.9008550999999999,0.09009760000000001,0.39332247,0.84699404,0.75689644,7.6917353,4.391978,5.7998934,4.2452903,0.023240683999999998,1.3871406000000002,1.3309913999999998,0.69979316,5.470354,0.7982179,7.181582000000001,1.583906,20.678964999999998,0.8238555000000001,769.9809,0.30613208,1202.4869,0.26855522,-110.42241000000001,-0.86807215,1804.864,0.15361309,-105.817375,-0.86944914,2836.0435,0.096740805,-107.1844,-0.8331953000000001,-6.8225007,-1.8843659,18.62047,0.91072184,0.061337914,0.46897763,-0.011705223999999998,-1.6767889999999999,2.8456473,4.8114175999999995,0.04387837,0.014460572,2.8380634999999996,3.030303,0.155,0.09650849,0.16352941,0.22305211
66,28.646082,0.29352432,21.602642000000003,24.930195,34.698956,13.096313,374.76596,581.15643,193.77903999999998,128.9713,0.8470575,0.6117303000000001,0.30993003,0.76505166,1.3956283,1.0856983999999998,12.440876,6.570535700000001,8.455732000000001,3.662458,0.049653094,1.4198790000000001,2.2011676,0.7294469,-0.10458100599999999,-39.93951,-2.3717804,-4.1226196,6.208897,1.6893977999999998,964.0023,0.22802347,1034.0326,0.31095126,-139.24336,-0.6465081,1990.5608,0.120308615,-139.01862,-0.6401477,2893.3674,0.08202363,-139.72755,-0.6288814,-4.343332299999999,-1.3648655,13.841157,0.5883925,0.086068235,0.19067706,-0.014961569,-1.0881148999999999,2.1378906000000004,6.401482,0.074132666,0.0027654683,4.1924725,2.8175743,0.09677966,0.07760046,0.23796609,0.20651078
67,29.001516,0.19345479,25.787514,27.381287,31.191235,5.403721,446.9198,684.9456,83.594604,81.45855,0.5116003,0.9185334999999999,0.08988747,0.38905516,0.8627056999999999,0.7728182,9.230098,6.507228400000001,6.8301406,5.897353,0.02472556,1.8714893,1.3938792,0.7555217,5.6580405,0.55732274,4.5077357000000005,1.6405646,24.161331,0.5130722,633.73615,0.38224187,1342.9819,0.18869294,-116.19343,-0.8502741,1680.8761,0.16593584,-116.8283,-0.80842006,2732.9895,0.103865944,-120.05221999999999,-0.75424963,-12.681289999999999,-0.6777732,24.37462,0.41233796,0.06457842,0.31616664,-0.023651587,-0.8309851999999999,-1.1105938999999998,7.846157000000001,0.048615585999999995,0.0051771356,2.7162259,2.2254127999999995,0.18129031,0.16395794,0.26448277,0.43128985
68,27.656028999999997,0.19552685,23.737886,25.779837,32.343307,8.605421,88.98614,54.522133,166.98748999999998,204.16615,0.46069038,0.8526815000000001,0.09845897599999999,0.38049543,0.64914423,0.5506853,6.1849256,3.0739415,5.69835,4.046221,0.033357512,1.6598343999999998,1.3696039,0.7365223000000001,5.5007019999999995,0.59265095,2.6887019,3.22605,21.506184,0.67327017,697.3539,0.39121744,1310.3755,0.21861295,-98.38013000000001,-1.0131828,1768.2983,0.16293621,-99.38885,-0.9423993,2790.2778,0.10901095,-101.54123,-0.8996328000000001,-14.728641,-0.6025813,25.406477,0.38446534,0.06586929,0.4451607,-0.021321464,-1.0195056,-2.9572241000000004,11.809533,0.05249713,0.005964914,2.8612304,3.0259366,0.16095237,0.15274957,0.14857142,0.24211933
69,30.721752000000002,0.24063220000000002,23.604336,30.729984,34.71503,11.110695,267.65173,163.0621,256.74435,289.01657,0.7095638000000001,0.8007835999999999,0.10041989400000001,0.5815398,1.3214306999999998,1.2210108,10.988788000000001,4.525062,8.607812,4.2040386,0.07010098,1.3276789,2.550125,0.7067253000000001,-0.24372894,-18.645895,-1.5763208999999998,-5.792355000000001,11.512258000000001,1.1583014999999999,953.9049699999999,0.25340945,1091.4246,0.33644918,-133.66922,-0.68895334,1952.2472,0.14073092,-132.96303999999998,-0.6806373,2881.53,0.08292985,-134.57686,-0.6562844,-6.004430999999999,-1.1776447,16.673357,0.6518335,0.083023734,0.20607688,-0.017184438,-1.0348501,-2.0242214,9.663179,0.06140849,0.0014409823,3.87985,2.5188916,0.1245,0.102395065,0.25149998,0.42355964
70,30.498579,0.31271259999999995,23.650776,27.920464000000003,34.112815999999995,10.46204,857.059,1289.6099,146.57506999999998,127.79952,0.633265,1.0086092,0.07331462,0.34393504,1.3305562,1.2572415000000001,11.488609,7.826289699999999,9.777352,5.0637407,0.040527377,1.8563827000000002,1.5866901000000002,0.76402813,2.1824062,1.7650683999999996,0.2375067,42.631207,10.120778999999999,1.611175,879.82715,0.28597453,1084.6967,0.29072359999999997,-144.86055,-0.6121194000000001,1903.1025,0.14118859,-141.72173,-0.6203495,2863.4202,0.08522803,-142.25383,-0.6110659,-3.6575599999999997,-2.6919972999999997,15.121556,0.82836854,0.07172917,0.26162133,-0.012850733500000001,-1.4550503000000001,-1.3463553,9.159302,0.04597673,0.010468436,2.814259,2.3226616,0.11648648,0.09839842,0.31970587,0.64071417
71,35.839915999999995,0.10822371,33.404026,34.261944,38.134747,4.7307205,58.12744,68.86861999999999,466.48013,881.07526,0.5796343,0.63276637,0.23069113,0.49978912,0.8764861999999999,0.64579505,9.982324,5.642799,8.50714,4.2997646,0.022375489,1.1543727,1.1959672,0.67547554,7.430771400000001,0.47462168,6.1852093,1.2954794,17.819008,0.46144903,653.9195,0.36136937,1348.935,0.17506883,-75.892525,-1.1408161,1666.3875,0.14468686,-75.01126,-1.0720983,2660.433,0.0928467,-78.233665,-0.9968449,-8.9528,-0.7362102,17.948532,0.48724017,0.06671428,0.34006768,-0.012031128,-1.3461051000000002,4.0033684,3.3951976000000004,0.042216264,0.012561827,5.210421,3.4482760000000003,0.18764706,0.1336162,0.08235294,0.025788601
72,33.075558,0.29220024,22.050364000000002,33.06998,38.6358,16.585435999999998,584.4108,614.79767,260.98434,366.42307,0.78624153,0.71130383,0.21063355,0.693542,1.4068139,1.1961803,12.023164999999999,6.314962400000001,9.853418,5.056799,0.07947442,2.1044629,2.4527397,0.72309226,0.5132497,11.700892999999999,-0.6607803000000001,-17.405775,8.088136,1.5077844,922.5121,0.23735578,1042.7329,0.25943667,-141.14389,-0.6252454000000001,1954.0845,0.12302905,-138.57143,-0.63189155,2862.8759999999997,0.08550705,-139.42003,-0.6186208000000001,-3.7505102,-2.1667016,14.152475,0.61591786,0.07840105,0.28377244,-0.01002698,-1.8950213,1.2357323,7.5868839999999995,0.06549457,0.008048437,4.2817125,2.687525,0.10641791,0.10462016,0.24924241,0.40377498
73,35.827217,0.22341323,32.669033,35.232597,37.638798,4.969764700000001,221.34217999999998,279.21292,25.299212,9.941655,0.67607707,0.78477913,0.24017848,0.5468111,1.103204,0.86302555,14.117213000000001,6.696592,13.016472,9.0233965,0.035734806,2.3962705,1.4115833,0.7163965999999999,6.0810184000000005,0.64877725,3.267648,2.643625,13.859865,0.7563397,702.3581,0.34804547,1311.6206,0.16951895,-78.990166,-1.1592136999999998,1701.565,0.14083962,-74.67039,-1.1571038999999999,2682.3303,0.08858068,-77.58664,-1.0877833000000001,-6.6552940000000005,-1.0160624,14.686570000000001,0.58223426,0.05435755,0.63533974,-0.010648673,-1.1798587,-0.6035665,8.215066,0.038661156,0.009864895,4.006678,2.6981452,0.234375,0.28850842,0.12333333,0.11388103
